ID	lgth	out	in	long_cov	short1_cov	short1_Ocov	short2_cov	short2_Ocov	short3_cov	short3_Ocov	short4_cov	short4_Ocov	long_nb	short1_nb	short2_nb	short3_nb	short4_nb
1	304	0	0	0.000000	2.404605	2.404605	0.000000	0.000000	0.000000	0.000000	0.000000	0.000000	0	0	0	0	0
2	292	0	0	0.000000	2.082192	2.082192	0.000000	0.000000	0.000000	0.000000	0.000000	0.000000	0	0	0	0	0
3	302	0	0	0.000000	2.456954	2.456954	0.000000	0.000000	0.000000	0.000000	0.000000	0.000000	0	0	0	0	0
4	47	0	0	0.000000	1.340426	1.340426	0.000000	0.000000	0.000000	0.000000	0.000000	0.000000	0	0	0	0	0
5	317	0	0	0.000000	3.574132	3.574132	0.000000	0.000000	0.000000	0.000000	0.000000	0.000000	0	0	0	0	0
6	269	0	0	0.000000	1.684015	1.684015	0.000000	0.000000	0.000000	0.000000	0.000000	0.000000	0	0	0	0	0
7	528	0	0	0.000000	3.179924	3.179924	0.000000	0.000000	0.000000	0.000000	0.000000	0.000000	0	0	0	0	0
8	665	0	0	0.000000	4.517293	4.517293	0.000000	0.000000	0.000000	0.000000	0.000000	0.000000	0	0	0	0	0
9	349	1	0	0.000000	2.484241	2.484241	0.000000	0.000000	0.000000	0.000000	0.000000	0.000000	0	0	0	0	0
10	984	0	0	0.000000	2.207317	2.207317	0.000000	0.000000	0.000000	0.000000	0.000000	0.000000	0	0	0	0	0
11	93	0	0	0.000000	2.559140	2.559140	0.000000	0.000000	0.000000	0.000000	0.000000	0.000000	0	0	0	0	0
12	284	0	0	0.000000	1.922535	1.922535	0.000000	0.000000	0.000000	0.000000	0.000000	0.000000	0	0	0	0	0
13	266	0	0	0.000000	2.646617	2.646617	0.000000	0.000000	0.000000	0.000000	0.000000	0.000000	0	0	0	0	0
14	701	0	0	0.000000	3.174037	3.174037	0.000000	0.000000	0.000000	0.000000	0.000000	0.000000	0	0	0	0	0
15	81	0	0	0.000000	1.530864	1.530864	0.000000	0.000000	0.000000	0.000000	0.000000	0.000000	0	0	0	0	0
16	513	0	0	0.000000	2.752437	2.752437	0.000000	0.000000	0.000000	0.000000	0.000000	0.000000	0	0	0	0	0
17	270	0	0	0.000000	2.770370	2.770370	0.000000	0.000000	0.000000	0.000000	0.000000	0.000000	0	0	0	0	0
18	88	0	0	0.000000	1.647727	1.647727	0.000000	0.000000	0.000000	0.000000	0.000000	0.000000	0	0	0	0	0
19	182	0	0	0.000000	1.263736	1.263736	0.000000	0.000000	0.000000	0.000000	0.000000	0.000000	0	0	0	0	0
20	1307	1	1	0.000000	3.762816	3.762816	0.000000	0.000000	0.000000	0.000000	0.000000	0.000000	0	0	0	0	0
21	245	0	0	0.000000	2.322449	2.322449	0.000000	0.000000	0.000000	0.000000	0.000000	0.000000	0	0	0	0	0
22	276	0	0	0.000000	2.398551	2.398551	0.000000	0.000000	0.000000	0.000000	0.000000	0.000000	0	0	0	0	0
23	122	0	0	0.000000	2.672131	2.672131	0.000000	0.000000	0.000000	0.000000	0.000000	0.000000	0	0	0	0	0
24	97	0	0	0.000000	2.391753	2.391753	0.000000	0.000000	0.000000	0.000000	0.000000	0.000000	0	0	0	0	0
25	703	0	2	0.000000	8.870555	8.665718	0.000000	0.000000	0.000000	0.000000	0.000000	0.000000	0	0	0	0	0
26	600	0	0	0.000000	2.350000	2.350000	0.000000	0.000000	0.000000	0.000000	0.000000	0.000000	0	0	0	0	0
27	151	0	0	0.000000	2.086093	2.086093	0.000000	0.000000	0.000000	0.000000	0.000000	0.000000	0	0	0	0	0
28	3	2	2	0.000000	6.666667	6.666667	0.000000	0.000000	0.000000	0.000000	0.000000	0.000000	0	0	0	0	0
29	12	1	1	0.000000	3.166667	3.166667	0.000000	0.000000	0.000000	0.000000	0.000000	0.000000	0	0	0	0	0
30	15	1	2	0.000000	3.000000	3.000000	0.000000	0.000000	0.000000	0.000000	0.000000	0.000000	0	0	0	0	0
31	1044	0	0	0.000000	2.892720	2.892720	0.000000	0.000000	0.000000	0.000000	0.000000	0.000000	0	0	0	0	0
32	508	0	0	0.000000	2.061024	2.061024	0.000000	0.000000	0.000000	0.000000	0.000000	0.000000	0	0	0	0	0
33	86	1	0	0.000000	2.465116	2.465116	0.000000	0.000000	0.000000	0.000000	0.000000	0.000000	0	0	0	0	0
34	210	0	0	0.000000	2.047619	2.047619	0.000000	0.000000	0.000000	0.000000	0.000000	0.000000	0	0	0	0	0
35	519	0	0	0.000000	2.591522	2.591522	0.000000	0.000000	0.000000	0.000000	0.000000	0.000000	0	0	0	0	0
36	633	1	0	0.000000	2.565561	2.565561	0.000000	0.000000	0.000000	0.000000	0.000000	0.000000	0	0	0	0	0
37	106	0	0	0.000000	3.132075	3.132075	0.000000	0.000000	0.000000	0.000000	0.000000	0.000000	0	0	0	0	0
38	517	0	0	0.000000	2.141199	2.141199	0.000000	0.000000	0.000000	0.000000	0.000000	0.000000	0	0	0	0	0
39	381	0	0	0.000000	3.091864	3.091864	0.000000	0.000000	0.000000	0.000000	0.000000	0.000000	0	0	0	0	0
40	87	0	0	0.000000	2.218391	2.218391	0.000000	0.000000	0.000000	0.000000	0.000000	0.000000	0	0	0	0	0
41	284	0	0	0.000000	1.098592	1.098592	0.000000	0.000000	0.000000	0.000000	0.000000	0.000000	0	0	0	0	0
42	439	0	0	0.000000	3.207289	3.207289	0.000000	0.000000	0.000000	0.000000	0.000000	0.000000	0	0	0	0	0
43	217	0	0	0.000000	3.423963	3.423963	0.000000	0.000000	0.000000	0.000000	0.000000	0.000000	0	0	0	0	0
44	52	1	0	0.000000	1.480769	1.480769	0.000000	0.000000	0.000000	0.000000	0.000000	0.000000	0	0	0	0	0
45	75	0	1	0.000000	1.706667	1.706667	0.000000	0.000000	0.000000	0.000000	0.000000	0.000000	0	0	0	0	0
46	293	0	0	0.000000	1.716724	1.716724	0.000000	0.000000	0.000000	0.000000	0.000000	0.000000	0	0	0	0	0
47	160	0	0	0.000000	2.056250	2.056250	0.000000	0.000000	0.000000	0.000000	0.000000	0.000000	0	0	0	0	0
48	281	0	0	0.000000	1.188612	1.188612	0.000000	0.000000	0.000000	0.000000	0.000000	0.000000	0	0	0	0	0
49	234	0	0	0.000000	1.799145	1.799145	0.000000	0.000000	0.000000	0.000000	0.000000	0.000000	0	0	0	0	0
50	520	0	0	0.000000	3.076923	3.076923	0.000000	0.000000	0.000000	0.000000	0.000000	0.000000	0	0	0	0	0
51	322	0	0	0.000000	1.667702	1.667702	0.000000	0.000000	0.000000	0.000000	0.000000	0.000000	0	0	0	0	0
52	507	0	0	0.000000	2.897436	2.897436	0.000000	0.000000	0.000000	0.000000	0.000000	0.000000	0	0	0	0	0
53	86	0	0	0.000000	2.360465	2.360465	0.000000	0.000000	0.000000	0.000000	0.000000	0.000000	0	0	0	0	0
54	340	0	0	0.000000	2.167647	2.167647	0.000000	0.000000	0.000000	0.000000	0.000000	0.000000	0	0	0	0	0
55	393	0	0	0.000000	1.659033	1.659033	0.000000	0.000000	0.000000	0.000000	0.000000	0.000000	0	0	0	0	0
56	239	0	0	0.000000	1.782427	1.782427	0.000000	0.000000	0.000000	0.000000	0.000000	0.000000	0	0	0	0	0
57	325	0	0	0.000000	2.409231	2.409231	0.000000	0.000000	0.000000	0.000000	0.000000	0.000000	0	0	0	0	0
58	422	0	0	0.000000	2.132701	2.132701	0.000000	0.000000	0.000000	0.000000	0.000000	0.000000	0	0	0	0	0
59	462	0	0	0.000000	1.900433	1.900433	0.000000	0.000000	0.000000	0.000000	0.000000	0.000000	0	0	0	0	0
60	345	0	0	0.000000	1.797101	1.797101	0.000000	0.000000	0.000000	0.000000	0.000000	0.000000	0	0	0	0	0
61	109	1	0	0.000000	3.174312	3.174312	0.000000	0.000000	0.000000	0.000000	0.000000	0.000000	0	0	0	0	0
62	365	0	0	0.000000	1.386301	1.386301	0.000000	0.000000	0.000000	0.000000	0.000000	0.000000	0	0	0	0	0
63	277	0	0	0.000000	2.057762	2.057762	0.000000	0.000000	0.000000	0.000000	0.000000	0.000000	0	0	0	0	0
64	250	0	0	0.000000	1.436000	1.436000	0.000000	0.000000	0.000000	0.000000	0.000000	0.000000	0	0	0	0	0
65	279	0	0	0.000000	2.157706	2.157706	0.000000	0.000000	0.000000	0.000000	0.000000	0.000000	0	0	0	0	0
66	100	0	0	0.000000	3.180000	3.180000	0.000000	0.000000	0.000000	0.000000	0.000000	0.000000	0	0	0	0	0
67	210	0	0	0.000000	1.990476	1.990476	0.000000	0.000000	0.000000	0.000000	0.000000	0.000000	0	0	0	0	0
68	756	0	0	0.000000	2.567460	2.567460	0.000000	0.000000	0.000000	0.000000	0.000000	0.000000	0	0	0	0	0
69	131	0	0	0.000000	2.854962	2.854962	0.000000	0.000000	0.000000	0.000000	0.000000	0.000000	0	0	0	0	0
70	297	0	0	0.000000	2.313131	2.313131	0.000000	0.000000	0.000000	0.000000	0.000000	0.000000	0	0	0	0	0
71	290	0	0	0.000000	1.803448	1.803448	0.000000	0.000000	0.000000	0.000000	0.000000	0.000000	0	0	0	0	0
72	238	0	0	0.000000	1.882353	1.882353	0.000000	0.000000	0.000000	0.000000	0.000000	0.000000	0	0	0	0	0
73	357	0	0	0.000000	2.067227	2.067227	0.000000	0.000000	0.000000	0.000000	0.000000	0.000000	0	0	0	0	0
74	356	0	0	0.000000	1.707865	1.707865	0.000000	0.000000	0.000000	0.000000	0.000000	0.000000	0	0	0	0	0
75	19	1	1	0.000000	2.947368	2.947368	0.000000	0.000000	0.000000	0.000000	0.000000	0.000000	0	0	0	0	0
76	24	2	2	0.000000	5.166667	5.083333	0.000000	0.000000	0.000000	0.000000	0.000000	0.000000	0	0	0	0	0
77	86	0	0	0.000000	1.883721	1.883721	0.000000	0.000000	0.000000	0.000000	0.000000	0.000000	0	0	0	0	0
78	54	0	0	0.000000	2.000000	2.000000	0.000000	0.000000	0.000000	0.000000	0.000000	0.000000	0	0	0	0	0
79	358	0	0	0.000000	1.888268	1.888268	0.000000	0.000000	0.000000	0.000000	0.000000	0.000000	0	0	0	0	0
80	248	0	0	0.000000	1.342742	1.342742	0.000000	0.000000	0.000000	0.000000	0.000000	0.000000	0	0	0	0	0
81	162	0	2	0.000000	1.790123	1.790123	0.000000	0.000000	0.000000	0.000000	0.000000	0.000000	0	0	0	0	0
82	129	0	0	0.000000	1.666667	1.666667	0.000000	0.000000	0.000000	0.000000	0.000000	0.000000	0	0	0	0	0
83	115	0	0	0.000000	1.408696	1.408696	0.000000	0.000000	0.000000	0.000000	0.000000	0.000000	0	0	0	0	0
84	206	0	0	0.000000	1.868932	1.868932	0.000000	0.000000	0.000000	0.000000	0.000000	0.000000	0	0	0	0	0
85	234	0	0	0.000000	2.175214	2.175214	0.000000	0.000000	0.000000	0.000000	0.000000	0.000000	0	0	0	0	0
86	273	0	0	0.000000	1.095238	1.095238	0.000000	0.000000	0.000000	0.000000	0.000000	0.000000	0	0	0	0	0
87	247	0	0	0.000000	2.384615	2.384615	0.000000	0.000000	0.000000	0.000000	0.000000	0.000000	0	0	0	0	0
88	435	0	0	0.000000	2.075862	2.075862	0.000000	0.000000	0.000000	0.000000	0.000000	0.000000	0	0	0	0	0
89	712	0	0	0.000000	2.518258	2.518258	0.000000	0.000000	0.000000	0.000000	0.000000	0.000000	0	0	0	0	0
90	255	0	0	0.000000	1.607843	1.607843	0.000000	0.000000	0.000000	0.000000	0.000000	0.000000	0	0	0	0	0
91	53	0	0	0.000000	2.415094	2.415094	0.000000	0.000000	0.000000	0.000000	0.000000	0.000000	0	0	0	0	0
92	276	0	0	0.000000	1.771739	1.771739	0.000000	0.000000	0.000000	0.000000	0.000000	0.000000	0	0	0	0	0
93	327	0	0	0.000000	2.119266	2.119266	0.000000	0.000000	0.000000	0.000000	0.000000	0.000000	0	0	0	0	0
94	205	0	0	0.000000	1.775610	1.775610	0.000000	0.000000	0.000000	0.000000	0.000000	0.000000	0	0	0	0	0
95	325	0	1	0.000000	2.575385	2.575385	0.000000	0.000000	0.000000	0.000000	0.000000	0.000000	0	0	0	0	0
96	197	0	0	0.000000	1.309645	1.309645	0.000000	0.000000	0.000000	0.000000	0.000000	0.000000	0	0	0	0	0
97	318	0	0	0.000000	2.933962	2.933962	0.000000	0.000000	0.000000	0.000000	0.000000	0.000000	0	0	0	0	0
98	280	2	0	0.000000	2.953571	2.953571	0.000000	0.000000	0.000000	0.000000	0.000000	0.000000	0	0	0	0	0
99	575	0	0	0.000000	3.881739	3.881739	0.000000	0.000000	0.000000	0.000000	0.000000	0.000000	0	0	0	0	0
100	295	0	0	0.000000	1.701695	1.701695	0.000000	0.000000	0.000000	0.000000	0.000000	0.000000	0	0	0	0	0
101	390	0	1	0.000000	1.789744	1.789744	0.000000	0.000000	0.000000	0.000000	0.000000	0.000000	0	0	0	0	0
102	90	0	0	0.000000	3.244444	3.244444	0.000000	0.000000	0.000000	0.000000	0.000000	0.000000	0	0	0	0	0
103	321	0	1	0.000000	2.389408	2.389408	0.000000	0.000000	0.000000	0.000000	0.000000	0.000000	0	0	0	0	0
104	195	0	0	0.000000	2.425641	2.425641	0.000000	0.000000	0.000000	0.000000	0.000000	0.000000	0	0	0	0	0
105	174	0	1	0.000000	2.609195	2.609195	0.000000	0.000000	0.000000	0.000000	0.000000	0.000000	0	0	0	0	0
106	237	0	0	0.000000	1.430380	1.430380	0.000000	0.000000	0.000000	0.000000	0.000000	0.000000	0	0	0	0	0
107	104	0	0	0.000000	2.480769	2.480769	0.000000	0.000000	0.000000	0.000000	0.000000	0.000000	0	0	0	0	0
108	439	0	1	0.000000	2.380410	2.380410	0.000000	0.000000	0.000000	0.000000	0.000000	0.000000	0	0	0	0	0
109	460	0	0	0.000000	1.595652	1.595652	0.000000	0.000000	0.000000	0.000000	0.000000	0.000000	0	0	0	0	0
110	263	0	0	0.000000	1.961977	1.961977	0.000000	0.000000	0.000000	0.000000	0.000000	0.000000	0	0	0	0	0
111	216	0	0	0.000000	2.032407	2.032407	0.000000	0.000000	0.000000	0.000000	0.000000	0.000000	0	0	0	0	0
112	722	0	1	0.000000	2.238227	2.238227	0.000000	0.000000	0.000000	0.000000	0.000000	0.000000	0	0	0	0	0
113	94	0	0	0.000000	2.925532	2.925532	0.000000	0.000000	0.000000	0.000000	0.000000	0.000000	0	0	0	0	0
114	273	0	0	0.000000	1.846154	1.846154	0.000000	0.000000	0.000000	0.000000	0.000000	0.000000	0	0	0	0	0
115	86	0	0	0.000000	2.000000	2.000000	0.000000	0.000000	0.000000	0.000000	0.000000	0.000000	0	0	0	0	0
116	77	0	0	0.000000	2.000000	2.000000	0.000000	0.000000	0.000000	0.000000	0.000000	0.000000	0	0	0	0	0
117	277	0	0	0.000000	1.339350	1.339350	0.000000	0.000000	0.000000	0.000000	0.000000	0.000000	0	0	0	0	0
118	106	0	0	0.000000	1.924528	1.924528	0.000000	0.000000	0.000000	0.000000	0.000000	0.000000	0	0	0	0	0
119	272	0	0	0.000000	1.283088	1.283088	0.000000	0.000000	0.000000	0.000000	0.000000	0.000000	0	0	0	0	0
120	406	0	1	0.000000	2.083744	2.083744	0.000000	0.000000	0.000000	0.000000	0.000000	0.000000	0	0	0	0	0
121	81	0	0	0.000000	2.000000	2.000000	0.000000	0.000000	0.000000	0.000000	0.000000	0.000000	0	0	0	0	0
122	62	1	0	0.000000	1.580645	1.580645	0.000000	0.000000	0.000000	0.000000	0.000000	0.000000	0	0	0	0	0
123	78	1	0	0.000000	1.000000	1.000000	0.000000	0.000000	0.000000	0.000000	0.000000	0.000000	0	0	0	0	0
124	275	0	0	0.000000	1.487273	1.487273	0.000000	0.000000	0.000000	0.000000	0.000000	0.000000	0	0	0	0	0
125	231	0	0	0.000000	1.666667	1.666667	0.000000	0.000000	0.000000	0.000000	0.000000	0.000000	0	0	0	0	0
126	86	0	0	0.000000	2.372093	2.372093	0.000000	0.000000	0.000000	0.000000	0.000000	0.000000	0	0	0	0	0
127	113	0	1	0.000000	2.336283	2.336283	0.000000	0.000000	0.000000	0.000000	0.000000	0.000000	0	0	0	0	0
128	86	0	0	0.000000	1.639535	1.639535	0.000000	0.000000	0.000000	0.000000	0.000000	0.000000	0	0	0	0	0
129	414	0	0	0.000000	2.661836	2.661836	0.000000	0.000000	0.000000	0.000000	0.000000	0.000000	0	0	0	0	0
130	220	0	2	0.000000	1.300000	1.300000	0.000000	0.000000	0.000000	0.000000	0.000000	0.000000	0	0	0	0	0
131	249	0	0	0.000000	1.662651	1.662651	0.000000	0.000000	0.000000	0.000000	0.000000	0.000000	0	0	0	0	0
132	306	0	0	0.000000	2.133987	2.133987	0.000000	0.000000	0.000000	0.000000	0.000000	0.000000	0	0	0	0	0
133	190	0	0	0.000000	1.263158	1.263158	0.000000	0.000000	0.000000	0.000000	0.000000	0.000000	0	0	0	0	0
134	225	0	0	0.000000	1.506667	1.506667	0.000000	0.000000	0.000000	0.000000	0.000000	0.000000	0	0	0	0	0
135	247	0	0	0.000000	2.704453	2.704453	0.000000	0.000000	0.000000	0.000000	0.000000	0.000000	0	0	0	0	0
136	304	0	0	0.000000	2.401316	2.401316	0.000000	0.000000	0.000000	0.000000	0.000000	0.000000	0	0	0	0	0
137	103	0	0	0.000000	1.650485	1.650485	0.000000	0.000000	0.000000	0.000000	0.000000	0.000000	0	0	0	0	0
138	271	0	0	0.000000	1.583026	1.583026	0.000000	0.000000	0.000000	0.000000	0.000000	0.000000	0	0	0	0	0
139	44	0	0	0.000000	2.000000	2.000000	0.000000	0.000000	0.000000	0.000000	0.000000	0.000000	0	0	0	0	0
140	30	0	2	0.000000	1.766667	1.766667	0.000000	0.000000	0.000000	0.000000	0.000000	0.000000	0	0	0	0	0
141	86	0	0	0.000000	1.744186	1.744186	0.000000	0.000000	0.000000	0.000000	0.000000	0.000000	0	0	0	0	0
142	92	1	0	0.000000	2.445652	2.445652	0.000000	0.000000	0.000000	0.000000	0.000000	0.000000	0	0	0	0	0
143	229	0	0	0.000000	1.855895	1.855895	0.000000	0.000000	0.000000	0.000000	0.000000	0.000000	0	0	0	0	0
144	161	1	1	0.000000	2.024845	2.024845	0.000000	0.000000	0.000000	0.000000	0.000000	0.000000	0	0	0	0	0
145	88	0	0	0.000000	1.193182	1.193182	0.000000	0.000000	0.000000	0.000000	0.000000	0.000000	0	0	0	0	0
146	167	1	0	0.000000	1.868263	1.868263	0.000000	0.000000	0.000000	0.000000	0.000000	0.000000	0	0	0	0	0
147	337	0	0	0.000000	1.786350	1.786350	0.000000	0.000000	0.000000	0.000000	0.000000	0.000000	0	0	0	0	0
148	122	0	0	0.000000	2.114754	2.114754	0.000000	0.000000	0.000000	0.000000	0.000000	0.000000	0	0	0	0	0
149	86	0	0	0.000000	2.000000	2.000000	0.000000	0.000000	0.000000	0.000000	0.000000	0.000000	0	0	0	0	0
150	86	0	0	0.000000	2.848837	2.848837	0.000000	0.000000	0.000000	0.000000	0.000000	0.000000	0	0	0	0	0
151	31	0	0	0.000000	1.354839	1.354839	0.000000	0.000000	0.000000	0.000000	0.000000	0.000000	0	0	0	0	0
152	275	0	0	0.000000	1.600000	1.600000	0.000000	0.000000	0.000000	0.000000	0.000000	0.000000	0	0	0	0	0
153	228	0	0	0.000000	1.763158	1.763158	0.000000	0.000000	0.000000	0.000000	0.000000	0.000000	0	0	0	0	0
154	248	0	0	0.000000	2.693548	2.693548	0.000000	0.000000	0.000000	0.000000	0.000000	0.000000	0	0	0	0	0
155	86	0	0	0.000000	1.953488	1.953488	0.000000	0.000000	0.000000	0.000000	0.000000	0.000000	0	0	0	0	0
156	86	0	0	0.000000	1.941860	1.941860	0.000000	0.000000	0.000000	0.000000	0.000000	0.000000	0	0	0	0	0
157	221	0	0	0.000000	2.072398	2.072398	0.000000	0.000000	0.000000	0.000000	0.000000	0.000000	0	0	0	0	0
158	245	0	0	0.000000	2.330612	2.330612	0.000000	0.000000	0.000000	0.000000	0.000000	0.000000	0	0	0	0	0
159	195	0	0	0.000000	1.764103	1.764103	0.000000	0.000000	0.000000	0.000000	0.000000	0.000000	0	0	0	0	0
160	65	0	0	0.000000	1.784615	1.784615	0.000000	0.000000	0.000000	0.000000	0.000000	0.000000	0	0	0	0	0
161	305	0	0	0.000000	2.488525	2.488525	0.000000	0.000000	0.000000	0.000000	0.000000	0.000000	0	0	0	0	0
162	80	0	0	0.000000	1.700000	1.700000	0.000000	0.000000	0.000000	0.000000	0.000000	0.000000	0	0	0	0	0
163	115	0	0	0.000000	2.791304	2.791304	0.000000	0.000000	0.000000	0.000000	0.000000	0.000000	0	0	0	0	0
164	327	0	0	0.000000	3.131498	3.131498	0.000000	0.000000	0.000000	0.000000	0.000000	0.000000	0	0	0	0	0
165	221	0	0	0.000000	2.393665	2.393665	0.000000	0.000000	0.000000	0.000000	0.000000	0.000000	0	0	0	0	0
166	81	0	0	0.000000	1.703704	1.703704	0.000000	0.000000	0.000000	0.000000	0.000000	0.000000	0	0	0	0	0
167	437	0	0	0.000000	2.913043	2.913043	0.000000	0.000000	0.000000	0.000000	0.000000	0.000000	0	0	0	0	0
168	77	1	0	0.000000	1.454545	1.454545	0.000000	0.000000	0.000000	0.000000	0.000000	0.000000	0	0	0	0	0
169	2	2	2	0.000000	4.000000	4.000000	0.000000	0.000000	0.000000	0.000000	0.000000	0.000000	0	0	0	0	0
170	179	0	1	0.000000	1.737430	1.737430	0.000000	0.000000	0.000000	0.000000	0.000000	0.000000	0	0	0	0	0
171	79	0	0	0.000000	1.962025	1.962025	0.000000	0.000000	0.000000	0.000000	0.000000	0.000000	0	0	0	0	0
172	249	0	0	0.000000	1.578313	1.578313	0.000000	0.000000	0.000000	0.000000	0.000000	0.000000	0	0	0	0	0
173	321	0	0	0.000000	3.109034	3.109034	0.000000	0.000000	0.000000	0.000000	0.000000	0.000000	0	0	0	0	0
174	86	0	0	0.000000	1.604651	1.604651	0.000000	0.000000	0.000000	0.000000	0.000000	0.000000	0	0	0	0	0
175	129	0	0	0.000000	3.139535	3.139535	0.000000	0.000000	0.000000	0.000000	0.000000	0.000000	0	0	0	0	0
176	65	0	0	0.000000	2.000000	2.000000	0.000000	0.000000	0.000000	0.000000	0.000000	0.000000	0	0	0	0	0
177	301	0	0	0.000000	2.674419	2.674419	0.000000	0.000000	0.000000	0.000000	0.000000	0.000000	0	0	0	0	0
178	252	0	0	0.000000	2.384921	2.384921	0.000000	0.000000	0.000000	0.000000	0.000000	0.000000	0	0	0	0	0
179	472	0	0	0.000000	2.533898	2.533898	0.000000	0.000000	0.000000	0.000000	0.000000	0.000000	0	0	0	0	0
180	359	0	0	0.000000	2.189415	2.189415	0.000000	0.000000	0.000000	0.000000	0.000000	0.000000	0	0	0	0	0
181	338	0	0	0.000000	2.168639	2.168639	0.000000	0.000000	0.000000	0.000000	0.000000	0.000000	0	0	0	0	0
182	268	0	1	0.000000	2.529851	2.529851	0.000000	0.000000	0.000000	0.000000	0.000000	0.000000	0	0	0	0	0
183	108	0	0	0.000000	3.111111	3.111111	0.000000	0.000000	0.000000	0.000000	0.000000	0.000000	0	0	0	0	0
184	265	2	0	0.000000	2.064151	2.064151	0.000000	0.000000	0.000000	0.000000	0.000000	0.000000	0	0	0	0	0
185	86	0	0	0.000000	2.581395	2.581395	0.000000	0.000000	0.000000	0.000000	0.000000	0.000000	0	0	0	0	0
186	101	0	0	0.000000	1.623762	1.623762	0.000000	0.000000	0.000000	0.000000	0.000000	0.000000	0	0	0	0	0
187	294	0	0	0.000000	2.010204	2.010204	0.000000	0.000000	0.000000	0.000000	0.000000	0.000000	0	0	0	0	0
188	234	0	0	0.000000	1.525641	1.525641	0.000000	0.000000	0.000000	0.000000	0.000000	0.000000	0	0	0	0	0
189	66	0	0	0.000000	1.742424	1.742424	0.000000	0.000000	0.000000	0.000000	0.000000	0.000000	0	0	0	0	0
190	193	1	0	0.000000	1.746114	1.746114	0.000000	0.000000	0.000000	0.000000	0.000000	0.000000	0	0	0	0	0
191	3	2	2	0.000000	5.000000	5.000000	0.000000	0.000000	0.000000	0.000000	0.000000	0.000000	0	0	0	0	0
192	66	0	0	0.000000	1.606061	1.606061	0.000000	0.000000	0.000000	0.000000	0.000000	0.000000	0	0	0	0	0
193	33	0	2	0.000000	3.848485	3.848485	0.000000	0.000000	0.000000	0.000000	0.000000	0.000000	0	0	0	0	0
194	555	0	0	0.000000	2.551351	2.551351	0.000000	0.000000	0.000000	0.000000	0.000000	0.000000	0	0	0	0	0
195	61	0	0	0.000000	2.000000	2.000000	0.000000	0.000000	0.000000	0.000000	0.000000	0.000000	0	0	0	0	0
196	260	0	0	0.000000	1.596154	1.596154	0.000000	0.000000	0.000000	0.000000	0.000000	0.000000	0	0	0	0	0
197	257	0	0	0.000000	1.338521	1.338521	0.000000	0.000000	0.000000	0.000000	0.000000	0.000000	0	0	0	0	0
198	80	0	0	0.000000	2.000000	2.000000	0.000000	0.000000	0.000000	0.000000	0.000000	0.000000	0	0	0	0	0
199	68	0	0	0.000000	1.205882	1.205882	0.000000	0.000000	0.000000	0.000000	0.000000	0.000000	0	0	0	0	0
200	88	0	0	0.000000	3.738636	3.738636	0.000000	0.000000	0.000000	0.000000	0.000000	0.000000	0	0	0	0	0
201	108	0	0	0.000000	1.462963	1.462963	0.000000	0.000000	0.000000	0.000000	0.000000	0.000000	0	0	0	0	0
202	69	0	0	0.000000	2.739130	2.739130	0.000000	0.000000	0.000000	0.000000	0.000000	0.000000	0	0	0	0	0
203	255	0	0	0.000000	3.003922	3.003922	0.000000	0.000000	0.000000	0.000000	0.000000	0.000000	0	0	0	0	0
204	190	2	1	0.000000	2.305263	2.305263	0.000000	0.000000	0.000000	0.000000	0.000000	0.000000	0	0	0	0	0
205	86	0	0	0.000000	2.255814	2.255814	0.000000	0.000000	0.000000	0.000000	0.000000	0.000000	0	0	0	0	0
206	298	2	1	0.000000	1.795302	1.795302	0.000000	0.000000	0.000000	0.000000	0.000000	0.000000	0	0	0	0	0
207	156	0	1	0.000000	1.730769	1.730769	0.000000	0.000000	0.000000	0.000000	0.000000	0.000000	0	0	0	0	0
208	86	0	0	0.000000	2.348837	2.348837	0.000000	0.000000	0.000000	0.000000	0.000000	0.000000	0	0	0	0	0
209	88	0	0	0.000000	1.931818	1.931818	0.000000	0.000000	0.000000	0.000000	0.000000	0.000000	0	0	0	0	0
210	49	1	1	0.000000	2.530612	2.530612	0.000000	0.000000	0.000000	0.000000	0.000000	0.000000	0	0	0	0	0
211	115	0	1	0.000000	2.052174	2.052174	0.000000	0.000000	0.000000	0.000000	0.000000	0.000000	0	0	0	0	0
212	315	0	0	0.000000	2.142857	2.142857	0.000000	0.000000	0.000000	0.000000	0.000000	0.000000	0	0	0	0	0
213	205	0	0	0.000000	1.258537	1.258537	0.000000	0.000000	0.000000	0.000000	0.000000	0.000000	0	0	0	0	0
214	107	0	0	0.000000	2.719626	2.719626	0.000000	0.000000	0.000000	0.000000	0.000000	0.000000	0	0	0	0	0
215	86	0	0	0.000000	2.220930	2.220930	0.000000	0.000000	0.000000	0.000000	0.000000	0.000000	0	0	0	0	0
216	209	0	0	0.000000	1.894737	1.894737	0.000000	0.000000	0.000000	0.000000	0.000000	0.000000	0	0	0	0	0
217	102	0	0	0.000000	3.578431	3.578431	0.000000	0.000000	0.000000	0.000000	0.000000	0.000000	0	0	0	0	0
218	82	0	0	0.000000	1.292683	1.292683	0.000000	0.000000	0.000000	0.000000	0.000000	0.000000	0	0	0	0	0
219	86	0	0	0.000000	2.430233	2.430233	0.000000	0.000000	0.000000	0.000000	0.000000	0.000000	0	0	0	0	0
220	98	0	0	0.000000	2.459184	2.459184	0.000000	0.000000	0.000000	0.000000	0.000000	0.000000	0	0	0	0	0
221	334	0	0	0.000000	2.392216	2.392216	0.000000	0.000000	0.000000	0.000000	0.000000	0.000000	0	0	0	0	0
222	91	0	0	0.000000	1.406593	1.406593	0.000000	0.000000	0.000000	0.000000	0.000000	0.000000	0	0	0	0	0
223	86	0	0	0.000000	1.744186	1.744186	0.000000	0.000000	0.000000	0.000000	0.000000	0.000000	0	0	0	0	0
224	81	0	0	0.000000	1.765432	1.765432	0.000000	0.000000	0.000000	0.000000	0.000000	0.000000	0	0	0	0	0
225	86	0	0	0.000000	2.546512	2.546512	0.000000	0.000000	0.000000	0.000000	0.000000	0.000000	0	0	0	0	0
226	41	1	0	0.000000	1.000000	1.000000	0.000000	0.000000	0.000000	0.000000	0.000000	0.000000	0	0	0	0	0
227	120	0	0	0.000000	1.433333	1.433333	0.000000	0.000000	0.000000	0.000000	0.000000	0.000000	0	0	0	0	0
228	106	0	0	0.000000	1.981132	1.981132	0.000000	0.000000	0.000000	0.000000	0.000000	0.000000	0	0	0	0	0
229	20	1	1	0.000000	1.850000	1.850000	0.000000	0.000000	0.000000	0.000000	0.000000	0.000000	0	0	0	0	0
230	358	0	0	0.000000	2.145251	2.145251	0.000000	0.000000	0.000000	0.000000	0.000000	0.000000	0	0	0	0	0
231	213	0	0	0.000000	1.929577	1.929577	0.000000	0.000000	0.000000	0.000000	0.000000	0.000000	0	0	0	0	0
232	68	1	1	0.000000	2.735294	2.735294	0.000000	0.000000	0.000000	0.000000	0.000000	0.000000	0	0	0	0	0
233	49	1	0	0.000000	1.000000	1.000000	0.000000	0.000000	0.000000	0.000000	0.000000	0.000000	0	0	0	0	0
234	83	0	0	0.000000	1.445783	1.445783	0.000000	0.000000	0.000000	0.000000	0.000000	0.000000	0	0	0	0	0
235	89	0	0	0.000000	1.932584	1.932584	0.000000	0.000000	0.000000	0.000000	0.000000	0.000000	0	0	0	0	0
236	123	2	0	0.000000	1.650407	1.650407	0.000000	0.000000	0.000000	0.000000	0.000000	0.000000	0	0	0	0	0
237	74	0	0	0.000000	1.891892	1.891892	0.000000	0.000000	0.000000	0.000000	0.000000	0.000000	0	0	0	0	0
238	138	0	0	0.000000	3.391304	3.391304	0.000000	0.000000	0.000000	0.000000	0.000000	0.000000	0	0	0	0	0
239	102	0	0	0.000000	1.558824	1.558824	0.000000	0.000000	0.000000	0.000000	0.000000	0.000000	0	0	0	0	0
240	99	1	0	0.000000	2.434343	2.434343	0.000000	0.000000	0.000000	0.000000	0.000000	0.000000	0	0	0	0	0
241	3	2	2	0.000000	6.000000	6.000000	0.000000	0.000000	0.000000	0.000000	0.000000	0.000000	0	0	0	0	0
242	46	0	1	0.000000	2.739130	2.739130	0.000000	0.000000	0.000000	0.000000	0.000000	0.000000	0	0	0	0	0
243	191	0	1	0.000000	4.392670	4.392670	0.000000	0.000000	0.000000	0.000000	0.000000	0.000000	0	0	0	0	0
244	30	0	0	0.000000	2.000000	2.000000	0.000000	0.000000	0.000000	0.000000	0.000000	0.000000	0	0	0	0	0
245	101	2	0	0.000000	1.801980	1.801980	0.000000	0.000000	0.000000	0.000000	0.000000	0.000000	0	0	0	0	0
246	90	0	0	0.000000	3.000000	3.000000	0.000000	0.000000	0.000000	0.000000	0.000000	0.000000	0	0	0	0	0
247	51	0	0	0.000000	1.313725	1.313725	0.000000	0.000000	0.000000	0.000000	0.000000	0.000000	0	0	0	0	0
248	47	0	0	0.000000	2.000000	2.000000	0.000000	0.000000	0.000000	0.000000	0.000000	0.000000	0	0	0	0	0
249	39	0	0	0.000000	2.000000	2.000000	0.000000	0.000000	0.000000	0.000000	0.000000	0.000000	0	0	0	0	0
250	90	0	0	0.000000	2.633333	2.633333	0.000000	0.000000	0.000000	0.000000	0.000000	0.000000	0	0	0	0	0
251	86	0	0	0.000000	2.767442	2.767442	0.000000	0.000000	0.000000	0.000000	0.000000	0.000000	0	0	0	0	0
252	105	0	0	0.000000	2.742857	2.742857	0.000000	0.000000	0.000000	0.000000	0.000000	0.000000	0	0	0	0	0
253	73	0	0	0.000000	2.000000	2.000000	0.000000	0.000000	0.000000	0.000000	0.000000	0.000000	0	0	0	0	0
254	16	1	2	0.000000	3.937500	3.937500	0.000000	0.000000	0.000000	0.000000	0.000000	0.000000	0	0	0	0	0
255	1	2	2	0.000000	6.000000	6.000000	0.000000	0.000000	0.000000	0.000000	0.000000	0.000000	0	0	0	0	0
256	25	1	1	0.000000	3.320000	2.760000	0.000000	0.000000	0.000000	0.000000	0.000000	0.000000	0	0	0	0	0
257	108	0	0	0.000000	2.990741	2.990741	0.000000	0.000000	0.000000	0.000000	0.000000	0.000000	0	0	0	0	0
258	89	0	0	0.000000	1.932584	1.932584	0.000000	0.000000	0.000000	0.000000	0.000000	0.000000	0	0	0	0	0
259	1	2	2	0.000000	5.000000	5.000000	0.000000	0.000000	0.000000	0.000000	0.000000	0.000000	0	0	0	0	0
260	15	1	1	0.000000	2.000000	2.000000	0.000000	0.000000	0.000000	0.000000	0.000000	0.000000	0	0	0	0	0
261	39	0	0	0.000000	1.846154	1.846154	0.000000	0.000000	0.000000	0.000000	0.000000	0.000000	0	0	0	0	0
262	49	0	0	0.000000	2.000000	2.000000	0.000000	0.000000	0.000000	0.000000	0.000000	0.000000	0	0	0	0	0
263	86	0	0	0.000000	1.860465	1.860465	0.000000	0.000000	0.000000	0.000000	0.000000	0.000000	0	0	0	0	0
264	87	0	0	0.000000	3.505747	3.505747	0.000000	0.000000	0.000000	0.000000	0.000000	0.000000	0	0	0	0	0
265	86	0	0	0.000000	1.023256	1.023256	0.000000	0.000000	0.000000	0.000000	0.000000	0.000000	0	0	0	0	0
266	89	0	0	0.000000	1.943820	1.943820	0.000000	0.000000	0.000000	0.000000	0.000000	0.000000	0	0	0	0	0
267	75	0	0	0.000000	1.986667	1.986667	0.000000	0.000000	0.000000	0.000000	0.000000	0.000000	0	0	0	0	0
268	43	0	0	0.000000	2.000000	2.000000	0.000000	0.000000	0.000000	0.000000	0.000000	0.000000	0	0	0	0	0
269	86	0	0	0.000000	1.965116	1.965116	0.000000	0.000000	0.000000	0.000000	0.000000	0.000000	0	0	0	0	0
270	91	0	1	0.000000	1.208791	1.208791	0.000000	0.000000	0.000000	0.000000	0.000000	0.000000	0	0	0	0	0
271	84	0	0	0.000000	2.011905	2.011905	0.000000	0.000000	0.000000	0.000000	0.000000	0.000000	0	0	0	0	0
272	99	0	0	0.000000	3.191919	3.191919	0.000000	0.000000	0.000000	0.000000	0.000000	0.000000	0	0	0	0	0
273	86	0	0	0.000000	1.581395	1.581395	0.000000	0.000000	0.000000	0.000000	0.000000	0.000000	0	0	0	0	0
274	57	0	0	0.000000	2.000000	2.000000	0.000000	0.000000	0.000000	0.000000	0.000000	0.000000	0	0	0	0	0
275	86	0	0	0.000000	3.174419	3.174419	0.000000	0.000000	0.000000	0.000000	0.000000	0.000000	0	0	0	0	0
276	59	1	1	0.000000	1.050847	1.050847	0.000000	0.000000	0.000000	0.000000	0.000000	0.000000	0	0	0	0	0
277	41	0	0	0.000000	2.000000	2.000000	0.000000	0.000000	0.000000	0.000000	0.000000	0.000000	0	0	0	0	0
278	86	0	0	0.000000	1.593023	1.593023	0.000000	0.000000	0.000000	0.000000	0.000000	0.000000	0	0	0	0	0
279	86	0	0	0.000000	2.139535	2.139535	0.000000	0.000000	0.000000	0.000000	0.000000	0.000000	0	0	0	0	0
280	86	0	0	0.000000	2.000000	2.000000	0.000000	0.000000	0.000000	0.000000	0.000000	0.000000	0	0	0	0	0
281	79	0	0	0.000000	1.962025	1.962025	0.000000	0.000000	0.000000	0.000000	0.000000	0.000000	0	0	0	0	0
282	72	0	0	0.000000	1.944444	1.944444	0.000000	0.000000	0.000000	0.000000	0.000000	0.000000	0	0	0	0	0
283	44	0	0	0.000000	1.909091	1.909091	0.000000	0.000000	0.000000	0.000000	0.000000	0.000000	0	0	0	0	0
284	1	2	2	0.000000	8.000000	8.000000	0.000000	0.000000	0.000000	0.000000	0.000000	0.000000	0	0	0	0	0
285	69	0	0	0.000000	1.797101	1.797101	0.000000	0.000000	0.000000	0.000000	0.000000	0.000000	0	0	0	0	0
286	89	0	0	0.000000	2.719101	2.719101	0.000000	0.000000	0.000000	0.000000	0.000000	0.000000	0	0	0	0	0
287	39	0	0	0.000000	2.000000	2.000000	0.000000	0.000000	0.000000	0.000000	0.000000	0.000000	0	0	0	0	0
288	34	0	0	0.000000	1.882353	1.882353	0.000000	0.000000	0.000000	0.000000	0.000000	0.000000	0	0	0	0	0
289	68	0	0	0.000000	2.000000	2.000000	0.000000	0.000000	0.000000	0.000000	0.000000	0.000000	0	0	0	0	0
290	54	0	0	0.000000	1.722222	1.722222	0.000000	0.000000	0.000000	0.000000	0.000000	0.000000	0	0	0	0	0
291	188	0	0	0.000000	2.691489	2.691489	0.000000	0.000000	0.000000	0.000000	0.000000	0.000000	0	0	0	0	0
292	81	0	0	0.000000	2.000000	2.000000	0.000000	0.000000	0.000000	0.000000	0.000000	0.000000	0	0	0	0	0
293	104	0	0	0.000000	2.307692	2.307692	0.000000	0.000000	0.000000	0.000000	0.000000	0.000000	0	0	0	0	0
294	65	0	0	0.000000	2.000000	2.000000	0.000000	0.000000	0.000000	0.000000	0.000000	0.000000	0	0	0	0	0
295	33	0	0	0.000000	1.515152	1.515152	0.000000	0.000000	0.000000	0.000000	0.000000	0.000000	0	0	0	0	0
296	35	1	0	0.000000	1.000000	1.000000	0.000000	0.000000	0.000000	0.000000	0.000000	0.000000	0	0	0	0	0
297	84	0	0	0.000000	1.785714	1.785714	0.000000	0.000000	0.000000	0.000000	0.000000	0.000000	0	0	0	0	0
298	86	0	0	0.000000	1.813953	1.813953	0.000000	0.000000	0.000000	0.000000	0.000000	0.000000	0	0	0	0	0
299	86	0	0	0.000000	1.500000	1.500000	0.000000	0.000000	0.000000	0.000000	0.000000	0.000000	0	0	0	0	0
300	84	0	0	0.000000	2.000000	2.000000	0.000000	0.000000	0.000000	0.000000	0.000000	0.000000	0	0	0	0	0
301	61	0	1	0.000000	2.000000	2.000000	0.000000	0.000000	0.000000	0.000000	0.000000	0.000000	0	0	0	0	0
302	109	0	0	0.000000	1.577982	1.577982	0.000000	0.000000	0.000000	0.000000	0.000000	0.000000	0	0	0	0	0
303	86	0	0	0.000000	1.825581	1.825581	0.000000	0.000000	0.000000	0.000000	0.000000	0.000000	0	0	0	0	0
304	66	0	0	0.000000	2.000000	2.000000	0.000000	0.000000	0.000000	0.000000	0.000000	0.000000	0	0	0	0	0
305	15	1	1	0.000000	2.000000	2.000000	0.000000	0.000000	0.000000	0.000000	0.000000	0.000000	0	0	0	0	0
306	73	0	0	0.000000	2.000000	2.000000	0.000000	0.000000	0.000000	0.000000	0.000000	0.000000	0	0	0	0	0
